filename	acq_time
eeg/sub-179_ses-001_task-sleeponset_eeg.vhdr	n/a
